1 8 356
2 17 367
3 12 309
4 20 338
5 15 392
6 8 339
7 8 338
8 15 390
9 16 317
10 15 343
11 12 392
12 18 369
13 18 359
14 12 390
15 16 367
16 16 313
17 15 325
18 7 351
19 17 372
20 16 321
21 14 302
22 12 359
23 9 359
24 13 350
25 12 371
26 16 330
27 11 304
28 17 367
29 9 345
30 12 346
31 13 368
32 14 365
33 19 346
34 15 351
35 17 384
36 17 363
37 17 368
38 19 391
39 20 348
40 14 367
41 13 343
42 18 307
43 19 305
44 14 378
45 19 316
46 14 323
47 17 340
48 17 394
49 9 328
50 17 342
51 14 383
52 8 364
53 9 372
54 18 302
55 14 380
56 13 352
57 11 303
58 9 384
59 17 334
60 10 357
61 19 345
62 17 348
63 9 316
64 8 323
65 11 312
66 10 321
67 7 374
68 12 351
69 16 308
70 11 321
71 10 329
72 19 379
73 7 381
74 10 301
75 10 327
76 7 356
77 13 378
78 18 387
79 13 354
80 10 351
81 17 382
82 19 371
83 14 382
84 14 347
85 15 375
86 13 314
87 8 338
88 13 319
89 19 349
90 20 329
91 10 341
92 8 324
93 10 390
94 7 365
95 18 365
96 20 377
97 8 399
98 8 315
99 14 330
100 17 352